Graham Scan Random Clouds
8.55e-05
0.0006415
0.0063572
0.0617474
0.646964
Gift Wrapping Random Clouds
3.17e-05
0.0002767
0.0022124
0.0241239
0.26465
Graham Scan Semi Random Clouds
6.02e-05
5.55e-05
7.34e-05
4.78e-05
5.25e-05
5.67e-05
0.0006656
0.0006655
0.0007083
0.0006541
0.0006421
0.0006606
0.0064068
0.0064512
0.007907
0.0088564
0.0069356
0.008139
0.0805476
0.0836244
0.0797663
0.0873609
0.0821494
0.0586069
0.670121
0.669093
0.634292
0.656248
0.658337
0.622104
Gift Wrapping Semi Random Clouds
2.73e-05
2.19e-05
2.1e-05
1.51e-05
1.87e-05
2.08e-05
0.0001055
0.0001993
0.0003486
0.0005242
0.0006802
0.0008525
0.0063925
0.0121295
0.0295988
0.0426184
0.0538623
0.0797842
0.623882
1.14197
2.36444
3.54099
3.72186
4.4551
42.9217
85.4372
163.99
217.037
222.353
243.09
